-0.003426563047554931 0.009644898417800422 0.004656222769576912 0.008203992323226165 0.0004175887071492481 0.1013912676317244 2844.314823216674 -2.020095185753224e-08 2.124639823130789e-15 
-0.07643750571088725 0.5161811495106887 -0.01744281028578987 0.4689312803754903 0.1099823277214567 0.9049241902609104 3954.029100112177 9.641859273393831e-11 -1.58080160210676e-15 
0.00190672319231457 0.6071094949844783 0.007848992314172592 0.8803827650325489 -0.1064627741785743 -1.193537380218366 4788.78384833043 -2.110228814643524e-08 2.058827047966608e-14 
-0.06253366538518906 0.6194184744411656 -0.009548330552621175 0.770032878282168 0.1165158258132434 0.9866179883366908 3800.888174383573 -2.814580251753352e-09 3.584659412330662e-16 
0.1238690163682648 -0.1948271673563623 0.01376412771823723 0.4287923081080078 0.01601683207609184 -1.077852005693015 2201.613992250215 -1.615255052278532e-08 8.713744631873226e-16 
0.1912200715292193 -0.04442758680255916 0.1650761110704032 -0.009817042949547841 0.09448903039839179 -0.6974048349645848 2656.24503466111 -1.577000549403964e-08 1.540507633093891e-15 
-0.09171178279487452 0.3572337493880675 -0.0534883458158379 0.111455544816037 0.1538022363417765 1.081854063618701 2588.623525676434 2.339148107623729e-09 -5.076739472389405e-15 
0.09608240170486772 0.3077364540723951 0.0251470545651309 0.6329533959587228 0.003068619652798962 -1.267562303001671 3019.352144847584 -4.230654086198696e-09 -2.049930734897811e-16 
-0.02412896383939339 0.3002992699014946 0.001086220872800206 -0.1139472571914172 0.02575176529359847 0.3928127365203808 4167.481694702845 -7.946298871840183e-09 -3.842637092225751e-16 
0.06103529148956654 0.577337267402128 0.03296897775826786 0.7028673146753975 -0.1172585393261241 -2.127800151336301 4572.971922284695 -1.238703910497549e-09 -1.11774322977937e-16 
-0.1564658877155057 0.5584747192380354 -0.0277149225973327 0.6323496551740893 -0.3175822903769817 -1.265877010600903 2683.729087688426 -2.100424694516842e-08 1.275037858522001e-15 
0.0458408206892153 0.4532041737606217 0.03017123858150786 1.055765177166954 -0.1407627532193748 -1.980079290670454 4343.651494016603 1.907079951956237e-08 2.589156179242313e-15 
-0.1198816481591568 0.6885398727018358 -0.04420672362539558 0.1832295358140494 -0.5235632976285466 -2.02827999819504 3474.313140888405 -9.417626996288683e-09 4.280493061489848e-16 
0.02024656690289374 0.6197386339579061 -0.003939618575523978 0.5745026372386586 -0.07272059814605772 -1.344519381984505 12324.80900709863 -1.379346162382148e-09 4.839243193798471e-19 
0.1070707995857724 0.04059542450265421 -0.007073969149606205 0.8508724654598249 0.001207859273141189 -0.1249777060537846 1362.215995113461 -7.723394226229352e-08 2.944236462963915e-14 
0.05224826653896344 -0.4309628161909219 0.01282502826838599 0.8786163318791238 -0.08058640354565259 -0.541454391686213 2247.512689269744 -3.21358864153557e-08 2.81034501962568e-15 
0.1306110954388692 0.1152077536893799 0.04656401280904819 0.5228513705945119 0.0352219355753524 -0.9871576797508298 2193.217230912843 -2.801620677142521e-08 7.426030276710999e-15 
0.05104825244650981 0.9408137496940604 0.01881641639140342 0.6109112702015542 -0.0535938349347161 -1.345618659176371 6918.094045490285 7.255175235627165e-09 2.248059670556258e-17 
0.02568874755068377 0.6616329932046449 -0.001894649668137381 0.4616832281842005 -0.2213149724014057 -2.068901497183897 2783.325204116483 -2.091095472024634e-08 3.917888796656663e-15 
0.004330479599936697 -0.3002488832258133 0.02682520731056798 0.5703712454544914 0.02875221872837332 0.04859233150094222 2977.474803927399 2.608904847144477e-09 -2.637419064405974e-15 
-0.05528262823088805 0.6623395447051164 -0.02223149921942775 0.4772105620626156 -0.3871743170982139 -2.042038734079258 2381.80568733138 -1.336249300597227e-08 1.748324992213696e-15 
